59.294594 -49.245293 -14.809322
49.668739 -46.139519 -5.331693
33.595238 -54.357483 -5.332165
42.809631 -58.487808 -5.620543
43.759232 -60.736954 -25.903629
37.891891 -56.550812 -29.523239
44.909248 -42.057610 -23.882645
32.430176 -38.045097 -18.535713
32.464249 -28.008507 -23.709312
45.692131 -23.719416 -30.394852
42.218460 -16.308819 -24.647038
37.183182 -18.897881 -8.496805
28.040268 -23.821033 1.020861
30.639832 -26.898529 11.217075
41.272705 -37.663719 11.065920
50.986214 -34.099571 15.730236
47.305153 -18.098980 11.930836
48.905296 -12.519067 -0.352176
52.539284 -19.068611 -13.123256
64.057266 -19.343300 -15.204998
66.963562 -10.585876 -3.078922
69.263870 -19.299259 6.542047
74.384460 -33.764160 6.909513
78.810059 -34.894058 -4.227583
77.038986 -30.662701 -13.917507
61.850914 -35.521545 0.940357