1937
6.516998 4.752290 -6.112461 18318789
6.516998 4.752290 -6.112461 18319789
8.692668 1.766754 -1.157671 18320789
6.036463 4.685552 -5.825293 18321789
5.473604 5.258643 -5.507331 18322789
4.946582 5.793020 -4.678715 18323789
4.459853 6.341248 -3.690371 18324789
4.017870 6.955888 -2.893221 18325789
3.532637 7.844623 -2.279654 18326789
3.090697 8.859485 -1.740352 18327789
2.741295 9.861934 -1.348731 18328789
2.520701 10.750591 -1.168049 18329789
2.421158 11.656076 -1.220266 18330789
2.432858 12.460974 -1.441095 18331789
2.553950 12.951880 -1.756109 18332789
2.808067 12.937737 -2.152750 18333789
3.207570 12.494693 -2.682598 18334789
3.663983 11.866079 -3.236812 18335789
4.088667 11.294936 -3.701598 18336789
4.514884 10.843771 -4.061305 18337789
4.940863 10.358231 -4.374099 18338789
5.310850 9.684443 -4.684849 18339789
5.590263 8.699984 -4.928705 18340789
5.877867 7.287067 -4.975847 18341789
6.088442 5.827698 -5.096306 18342789
6.104364 4.788237 -5.575030 18343789
5.977227 4.560714 -6.132346 18344789
5.939472 4.553125 -6.268304 18345789
5.896558 4.552701 -6.418146 18346789
5.848722 4.559306 -6.581059 18347789
5.796200 4.572804 -6.756235 18348789
5.739232 4.593060 -6.942863 18349789
5.678055 4.619938 -7.140133 18350789
5.612905 4.653304 -7.347235 18351789
5.544022 4.693019 -7.563359 18352789
5.471642 4.738951 -7.787695 18353789
5.396004 4.790963 -8.019431 18354789
5.317346 4.848919 -8.257758 18355789
5.235904 4.912684 -8.501868 18356789
5.151916 4.982123 -8.750948 18357789
5.065620 5.057099 -9.004189 18358789
4.977254 5.137478 -9.260779 18359789
4.887056 5.223125 -9.519913 18360789
4.795263 5.313901 -9.780774 18361789
4.702113 5.409673 -10.042555 18362789
4.607844 5.510305 -10.304447 18363789
4.512693 5.615662 -10.565639 18364789
4.416898 5.725608 -10.825318 18365789
4.320697 5.840007 -11.082680 18366789
4.224327 5.958724 -11.336909 18367789
4.128026 6.081623 -11.587197 18368789
4.032032 6.208570 -11.832736 18369789
3.936583 6.339426 -12.072712 18370789
3.841916 6.474059 -12.306317 18371789
3.748267 6.612332 -12.532741 18372789
3.655877 6.754109 -12.751173 18373789
3.564982 6.899255 -12.960803 18374789
3.475820 7.047636 -13.160820 18375789
3.388629 7.199112 -13.350415 18376789
3.303646 7.353552 -13.528779 18377789
3.221109 7.510819 -13.695099 18378789
3.141255 7.670777 -13.848568 18379789
3.064323 7.833290 -13.988373 18380789
2.990550 7.998224 -14.113705 18381789
2.920173 8.165442 -14.223753 18382789
2.852830 8.338978 -14.320338 18383789
2.789243 8.524734 -14.407496 18384789
2.729487 8.721741 -14.485369 18385789
2.673274 8.929339 -14.554248 18386789
2.620316 9.146873 -14.614426 18387789
2.570326 9.373681 -14.666192 18388789
2.523018 9.609106 -14.709842 18389789
2.478103 9.852490 -14.745667 18390789
2.435294 10.103175 -14.773960 18391789
2.394305 10.360501 -14.795012 18392789
2.354847 10.623813 -14.809115 18393789
2.316633 10.892450 -14.816563 18394789
2.279376 11.165754 -14.817646 18395789
2.242788 11.443067 -14.812657 18396789
2.206583 11.723731 -14.801891 18397789
2.170472 12.007087 -14.785636 18398789
2.134169 12.292477 -14.764186 18399789
2.097386 12.579246 -14.737835 18400789
2.059835 12.866727 -14.706871 18401789
2.021230 13.154272 -14.671591 18402789
1.981283 13.441216 -14.632283 18403789
1.939706 13.726902 -14.589243 18404789
1.896213 14.010674 -14.542760 18405789
1.850516 14.291870 -14.493129 18406789
1.802327 14.569838 -14.440640 18407789
1.751360 14.843911 -14.385587 18408789
1.697327 15.113438 -14.328260 18409789
1.639940 15.377757 -14.268953 18410789
1.578912 15.636210 -14.207958 18411789
1.513956 15.888138 -14.145567 18412789
1.444785 16.132885 -14.082073 18413789
1.371110 16.369795 -14.017766 18414789
1.292646 16.598202 -13.952943 18415789
1.209104 16.817453 -13.887889 18416789
1.120196 17.026892 -13.822903 18417789
1.025637 17.225855 -13.758271 18418789
0.925138 17.413689 -13.694292 18419789
0.818412 17.589729 -13.631254 18420789
0.704899 17.754671 -13.568722 18421789
0.582917 17.916332 -13.502460 18422789
0.452617 18.075918 -13.431875 18423789
0.314473 18.233221 -13.357147 18424789
0.168958 18.388031 -13.278452 18425789
0.016545 18.540142 -13.195965 18426789
-0.142294 18.689350 -13.109863 18427789
-0.307085 18.835445 -13.020325 18428789
-0.477355 18.978222 -12.927523 18429789
-0.652631 19.117472 -12.831637 18430789
-0.832441 19.252993 -12.732842 18431789
-1.016311 19.384571 -12.631312 18432789
-1.203768 19.512007 -12.527226 18433789
-1.394339 19.635092 -12.420763 18434789
-1.587552 19.753613 -12.312096 18435789
-1.782933 19.867371 -12.201399 18436789
-1.980009 19.976154 -12.088853 18437789
-2.178308 20.079762 -11.974633 18438789
-2.377355 20.177979 -11.858913 18439789
-2.576679 20.270607 -11.741874 18440789
-2.775807 20.357431 -11.623689 18441789
-2.974264 20.438250 -11.504535 18442789
-3.171579 20.512856 -11.384589 18443789
-3.367278 20.581039 -11.264027 18444789
-3.560889 20.642601 -11.143024 18445789
-3.751937 20.697323 -11.021759 18446789
-3.939951 20.745007 -10.900406 18447789
-4.124458 20.785444 -10.779143 18448789
-4.304984 20.818426 -10.658147 18449789
-4.481055 20.843746 -10.537593 18450789
-4.652200 20.861200 -10.417656 18451789
-4.817946 20.870579 -10.298516 18452789
-4.977819 20.871677 -10.180347 18453789
-5.131346 20.864286 -10.063326 18454789
-5.278055 20.848200 -9.947628 18455789
-5.417472 20.823214 -9.833432 18456789
-5.549123 20.789118 -9.720913 18457789
-5.672538 20.745708 -9.610248 18458789
-5.787574 20.692562 -9.501396 18459789
-5.899084 20.626373 -9.391165 18460789
-6.008729 20.546516 -9.278586 18461789
-6.116410 20.453569 -9.163857 18462789
-6.222025 20.348114 -9.047178 18463789
-6.325473 20.230728 -8.928744 18464789
-6.426653 20.101995 -8.808752 18465789
-6.525462 19.962496 -8.687399 18466789
-6.621802 19.812813 -8.564881 18467789
-6.715569 19.653522 -8.441400 18468789
-6.806664 19.485209 -8.317148 18469789
-6.894985 19.308443 -8.192326 18470789
-6.980431 19.123819 -8.067129 18471789
-7.062901 18.931910 -7.941754 18472789
-7.142292 18.733299 -7.816401 18473789
-7.218505 18.528564 -7.691264 18474789
-7.291440 18.318289 -7.566541 18475789
-7.360993 18.103052 -7.442431 18476789
-7.427063 17.883434 -7.319129 18477789
-7.489552 17.660017 -7.196834 18478789
-7.548355 17.433378 -7.075740 18479789
-7.603373 17.204103 -6.956049 18480789
-7.654505 16.972771 -6.837955 18481789
-7.701649 16.739958 -6.721656 18482789
-7.744704 16.506248 -6.607349 18483789
-7.783569 16.272223 -6.495232 18484789
-7.818144 16.038460 -6.385500 18485789
-7.848326 15.805544 -6.278354 18486789
-7.874015 15.574051 -6.173988 18487789
-7.895109 15.344566 -6.072601 18488789
-7.911508 15.117665 -5.974389 18489789
-7.923109 14.893931 -5.879549 18490789
-7.929813 14.673946 -5.788280 18491789
-7.931518 14.458289 -5.700778 18492789
-7.928123 14.247540 -5.617240 18493789
-7.919526 14.042280 -5.537864 18494789
-7.905627 13.843090 -5.462846 18495789
-7.886324 13.650550 -5.392385 18496789
-7.861523 13.465182 -5.326668 18497789
-7.831818 13.281401 -5.264904 18498789
-7.797650 13.095428 -5.206437 18499789
-7.759035 12.907480 -5.151189 18500789
-7.715984 12.717780 -5.099086 18501789
-7.668513 12.526546 -5.050052 18502789
-7.616633 12.333997 -5.004013 18503789
-7.560358 12.140351 -4.960891 18504789
-7.499702 11.945831 -4.920612 18505789
-7.434677 11.750653 -4.883100 18506789
-7.365296 11.555037 -4.848279 18507789
-7.291574 11.359203 -4.816076 18508789
-7.213522 11.163371 -4.786412 18509789
-7.131156 10.967760 -4.759215 18510789
-7.044487 10.772590 -4.734406 18511789
-6.953528 10.578078 -4.711912 18512789
-6.858294 10.384445 -4.691656 18513789
-6.758798 10.191910 -4.673564 18514789
-6.655053 10.000693 -4.657559 18515789
-6.547071 9.811013 -4.643567 18516789
-6.434866 9.623089 -4.631511 18517789
-6.318452 9.437140 -4.621317 18518789
-6.197842 9.253387 -4.612908 18519789
-6.073049 9.072049 -4.606210 18520789
-5.944085 8.893344 -4.601145 18521789
-5.810966 8.717493 -4.597641 18522789
-5.673702 8.544714 -4.595620 18523789
-5.532309 8.375227 -4.595007 18524789
-5.386799 8.209252 -4.595727 18525789
-5.237186 8.047009 -4.597705 18526789
-5.083482 7.888712 -4.600863 18527789
-4.925701 7.734588 -4.605129 18528789
-4.763857 7.584853 -4.610425 18529789
-4.597962 7.439725 -4.616676 18530789
-4.428029 7.299424 -4.623807 18531789
-4.254073 7.164170 -4.631742 18532789
-4.076106 7.034184 -4.640406 18533789
-3.894141 6.909683 -4.649723 18534789
-3.708192 6.790887 -4.659618 18535789
-3.520036 6.680717 -4.670676 18536789
-3.320382 6.575446 -4.684365 18537789
-3.109381 6.474640 -4.700615 18538789
-2.887699 6.378166 -4.719317 18539789
-2.656001 6.285888 -4.740367 18540789
-2.414951 6.197673 -4.763658 18541789
-2.165215 6.113386 -4.789083 18542789
-1.907456 6.032894 -4.816537 18543789
-1.642341 5.956061 -4.845915 18544789
-1.370533 5.882754 -4.877109 18545789
-1.092698 5.812837 -4.910012 18546789
-0.809501 5.746177 -4.944520 18547789
-0.521606 5.682641 -4.980526 18548789
-0.229679 5.622091 -5.017923 18549789
0.065616 5.564396 -5.056607 18550789
0.363615 5.509420 -5.096470 18551789
0.663651 5.457029 -5.137406 18552789
0.965061 5.407091 -5.179311 18553789
1.267179 5.359467 -5.222076 18554789
1.569341 5.314026 -5.265596 18555789
1.870882 5.270633 -5.309765 18556789
2.171136 5.229155 -5.354477 18557789
2.469440 5.189455 -5.399625 18558789
2.765127 5.151401 -5.445105 18559789
3.057534 5.114856 -5.490808 18560789
3.345996 5.079689 -5.536629 18561789
3.629847 5.045764 -5.582463 18562789
3.908423 5.012947 -5.628202 18563789
4.181059 4.981102 -5.673742 18564789
4.447090 4.950097 -5.718974 18565789
4.705851 4.919798 -5.763795 18566789
4.956677 4.890069 -5.808096 18567789
5.198905 4.860776 -5.851773 18568789
5.431868 4.831785 -5.894720 18569789
5.654902 4.802962 -5.936829 18570789
5.867341 4.774172 -5.977994 18571789
6.068521 4.745281 -6.018111 18572789
6.257778 4.716155 -6.057072 18573789
6.434447 4.686660 -6.094771 18574789
7.115940 4.562166 -6.253745 18575789
7.978595 4.409323 -6.506950 18576789
8.521729 4.332327 -6.754215 18577789
8.855866 4.323412 -7.024466 18578789
9.091534 4.374813 -7.346630 18579789
9.324711 4.535779 -7.819342 18580789
9.358090 4.932571 -8.452422 18581789
9.209879 5.381213 -9.158416 18582789
8.979253 5.674074 -9.906762 18583789
8.696069 5.600220 -10.738669 18584789
8.290014 5.216948 -11.706340 18585789
7.846394 4.841894 -12.614958 18586789
7.457661 4.798300 -13.260504 18587789
7.153706 5.298148 -13.586543 18588789
6.887431 6.134150 -13.693227 18589789
6.639876 7.001468 -13.601286 18590789
6.390365 7.608568 -13.330147 18591789
6.094981 8.077232 -12.863977 18592789
5.804642 8.422338 -12.209108 18593789
5.604306 8.495401 -11.389457 18594789
5.560576 8.211546 -10.572465 18595789
5.574279 7.581748 -9.739577 18596789
5.626242 6.716165 -8.779492 18597789
5.730249 5.814300 -7.809322 18598789
5.900085 5.075662 -6.946181 18599789
6.149533 4.699754 -6.307178 18600789
6.584510 4.994709 -5.980086 18601789
7.343360 6.354108 -6.129295 18602789
8.243139 8.229547 -6.611299 18603789
9.141197 9.985250 -7.159298 18604789
10.126140 11.158716 -7.594974 18605789
11.533632 11.195365 -8.030633 18606789
12.450620 11.366630 -8.670720 18607789
12.771681 12.321528 -9.754374 18608789
12.705738 12.600019 -10.160978 18609789
12.263921 11.918596 -9.627054 18610789
11.617692 10.791412 -8.630697 18611789
10.840230 9.245833 -7.112382 18612789
9.706821 7.770185 -6.291015 18613789
8.342077 6.431309 -6.381449 18614789
6.941210 5.195982 -6.457667 18615789
6.133964 4.596714 -5.964689 18616789
6.018436 4.541099 -5.704509 18617789
5.929532 4.516893 -5.390291 18618789
5.864866 4.521628 -5.029514 18619789
5.822058 4.552832 -4.629663 18620789
5.798724 4.608038 -4.198221 18621789
5.792480 4.684773 -3.742667 18622789
5.800942 4.780570 -3.270486 18623789
5.821729 4.892959 -2.789158 18624789
5.852456 5.019468 -2.306169 18625789
5.890740 5.157629 -1.828997 18626789
5.934199 5.304974 -1.365127 18627789
5.980449 5.459031 -0.922040 18628789
6.027106 5.617330 -0.507219 18629789
6.071789 5.777402 -0.128146 18630789
6.115037 5.942773 0.220191 18631789
6.176661 6.129859 0.571777 18632789
6.257135 6.332162 0.914316 18633789
6.352745 6.548602 1.246494 18634789
6.459775 6.778098 1.566999 18635789
6.574511 7.019571 1.874516 18636789
6.693236 7.271941 2.167731 18637789
6.812236 7.534129 2.445331 18638789
6.927795 7.805054 2.706003 18639789
7.036200 8.083638 2.948431 18640789
7.133733 8.368798 3.171303 18641789
7.216680 8.659458 3.373305 18642789
7.281327 8.954538 3.553124 18643789
7.323957 9.252955 3.709445 18644789
7.345617 9.562745 3.841750 18645789
7.357064 9.904202 3.951870 18646789
7.358852 10.271842 4.040649 18647789
7.350899 10.658797 4.108846 18648789
7.333121 11.058201 4.157217 18649789
7.305436 11.463186 4.186518 18650789
7.267759 11.866883 4.197508 18651789
7.220007 12.262426 4.190942 18652789
7.162098 12.642947 4.167578 18653789
7.093947 13.001576 4.128172 18654789
7.015472 13.331448 4.073482 18655789
6.926589 13.625692 4.004264 18656789
6.827215 13.877445 3.921277 18657789
6.717163 14.080046 3.825195 18658789
6.586903 14.248881 3.709177 18659789
6.433012 14.396240 3.569974 18660789
6.259386 14.521295 3.409747 18661789
6.069923 14.623224 3.230657 18662789
5.868520 14.701202 3.034867 18663789
5.659074 14.754402 2.824537 18664789
5.445483 14.782000 2.601828 18665789
5.231645 14.783169 2.368904 18666789
5.021455 14.757084 2.127924 18667789
4.818813 14.702921 1.881050 18668789
4.627616 14.619853 1.630445 18669789
4.451761 14.507057 1.378269 18670789
4.295145 14.363707 1.126684 18671789
4.157621 14.185897 0.875461 18672789
4.018128 13.956727 0.612123 18673789
3.875836 13.679312 0.336319 18674789
3.734101 13.360286 0.050184 18675789
3.596281 13.006284 -0.244145 18676789
3.465733 12.623945 -0.544532 18677789
3.345813 12.219904 -0.848841 18678789
3.239879 11.800793 -1.154937 18679789
3.151288 11.373252 -1.460682 18680789
3.083397 10.943917 -1.763942 18681789
3.039563 10.519422 -2.062580 18682789
3.023142 10.106400 -2.354460 18683789
3.037493 9.711493 -2.637445 18684789
3.085972 9.341334 -2.909402 18685789
3.161352 8.999176 -3.166490 18686789
3.259285 8.630899 -3.443569 18687789
3.379391 8.240689 -3.736887 18688789
3.520752 7.836377 -4.040019 18689789
3.682447 7.425802 -4.346544 18690789
3.863557 7.016797 -4.650037 18691789
4.063164 6.617200 -4.944077 18692789
4.280347 6.234845 -5.222238 18693789
4.514188 5.877568 -5.478099 18694789
4.763768 5.553204 -5.705237 18695789
5.028165 5.269589 -5.897226 18696789
5.306464 5.034559 -6.047646 18697789
5.597742 4.855949 -6.150071 18698789
5.901082 4.741594 -6.198080 18699789
6.195261 4.699774 -6.188072 18700789
6.402844 4.710935 -6.153019 18701789
6.629167 4.752473 -6.097641 18702789
6.872311 4.822147 -6.023017 18703789
7.130354 4.917715 -5.930221 18704789
7.401377 5.036936 -5.820330 18705789
7.683458 5.177570 -5.694420 18706789
7.974677 5.337374 -5.553570 18707789
8.273114 5.514108 -5.398853 18708789
8.576848 5.705531 -5.231349 18709789
8.883958 5.909401 -5.052131 18710789
9.192525 6.123477 -4.862278 18711789
9.500626 6.345518 -4.662865 18712789
9.806343 6.573283 -4.454969 18713789
10.107754 6.804530 -4.239667 18714789
10.402939 7.037019 -4.018035 18715789
10.689977 7.268509 -3.791149 18716789
10.966949 7.496757 -3.560086 18717789
11.231932 7.719524 -3.325923 18718789
11.483006 7.934566 -3.089736 18719789
11.718252 8.139646 -2.852601 18720789
11.935749 8.332519 -2.615594 18721789
12.133575 8.510945 -2.379793 18722789
12.309811 8.672685 -2.146274 18723789
12.462927 8.815907 -1.915442 18724789
12.596829 8.958166 -1.665827 18725789
12.705945 9.103435 -1.398998 18726789
12.792381 9.250756 -1.116848 18727789
12.858247 9.399172 -0.821272 18728789
12.905646 9.547722 -0.514161 18729789
12.936688 9.695450 -0.197410 18730789
12.953481 9.841395 0.127089 18731789
12.958133 9.984600 0.457442 18732789
12.952748 10.124107 0.791756 18733789
12.939436 10.258957 1.128137 18734789
12.920305 10.388190 1.464693 18735789
12.897461 10.510851 1.799530 18736789
12.873012 10.625977 2.130754 18737789
12.849065 10.732613 2.456474 18738789
12.827727 10.829800 2.774796 18739789
12.811106 10.916577 3.083825 18740789
12.801310 10.991989 3.381670 18741789
12.800445 11.055076 3.666435 18742789
12.810619 11.104878 3.936229 18743789
12.833941 11.140440 4.189160 18744789
12.872515 11.160800 4.423331 18745789
12.928452 11.165002 4.636851 18746789
13.003851 11.152082 4.827849 18747789
13.097017 11.119659 5.004889 18748789
13.204488 11.067243 5.175704 18749789
13.324903 10.996237 5.339748 18750789
13.456906 10.908051 5.496480 18751789
13.599139 10.804091 5.645356 18752789
13.750244 10.685764 5.785831 18753789
13.908862 10.554478 5.917363 18754789
14.073636 10.411635 6.039407 18755789
14.243208 10.258649 6.151420 18756789
14.416222 10.096922 6.252858 18757789
14.591315 9.927863 6.343178 18758789
14.767134 9.752876 6.421835 18759789
14.942319 9.573371 6.488287 18760789
15.115511 9.390753 6.541988 18761789
15.285356 9.206430 6.582397 18762789
15.450492 9.021810 6.608969 18763789
15.609563 8.838297 6.621161 18764789
15.761210 8.657298 6.618428 18765789
15.904077 8.480222 6.600228 18766789
16.036804 8.308475 6.566016 18767789
16.158033 8.143464 6.515248 18768789
16.266411 7.986595 6.447383 18769789
16.360586 7.839264 6.361865 18770789
16.448128 7.694032 6.251728 18771789
16.535784 7.544198 6.112805 18772789
16.622761 7.390471 5.947325 18773789
16.708275 7.233564 5.757519 18774789
16.791540 7.074187 5.545618 18775789
16.871771 6.913052 5.313851 18776789
16.948181 6.750868 5.064449 18777789
17.019981 6.588346 4.799641 18778789
17.086390 6.426198 4.521659 18779789
17.146618 6.265137 4.232732 18780789
17.199883 6.105870 3.935091 18781789
17.245396 5.949110 3.630966 18782789
17.282372 5.795568 3.322586 18783789
17.310022 5.645954 3.012183 18784789
17.327562 5.500979 2.701986 18785789
17.334211 5.361356 2.394227 18786789
17.329174 5.227793 2.091134 18787789
17.311670 5.101003 1.794938 18788789
17.280912 4.981695 1.507869 18789789
17.236115 4.870582 1.232159 18790789
17.176491 4.768374 0.970036 18791789
17.101255 4.675783 0.723732 18792789
17.009621 4.593517 0.495468 18793789
16.898794 4.521562 0.277620 18794789
16.767683 4.459085 0.062135 18795789
16.617662 4.405497 -0.150874 18796789
16.450111 4.360210 -0.361295 18797789
16.266405 4.322633 -0.569015 18798789
16.067928 4.292179 -0.773922 18799789
15.856053 4.268257 -0.975904 18800789
15.632160 4.250278 -1.174847 18801789
15.397628 4.237654 -1.370640 18802789
15.153833 4.229795 -1.563169 18803789
14.902156 4.226110 -1.752324 18804789
14.643974 4.226014 -1.937990 18805789
14.380664 4.228914 -2.120057 18806789
14.113606 4.234222 -2.298410 18807789
13.844176 4.241349 -2.472939 18808789
13.573756 4.249706 -2.643529 18809789
13.303721 4.258705 -2.810069 18810789
13.035449 4.267753 -2.972448 18811789
12.770320 4.276264 -3.130551 18812789
12.509712 4.283649 -3.284267 18813789
12.255002 4.289316 -3.433483 18814789
12.007568 4.292678 -3.578087 18815789
11.768985 4.293148 -3.717851 18816789
11.544326 4.292457 -3.845800 18817789
11.317251 4.292502 -3.967734 18818789
11.088033 4.293314 -4.083994 18819789
10.856940 4.294924 -4.194921 18820789
10.624244 4.297361 -4.300859 18821789
10.390218 4.300658 -4.402150 18822789
10.155130 4.304843 -4.499135 18823789
9.919254 4.309948 -4.592156 18824789
9.682858 4.316005 -4.681557 18825789
9.446218 4.323041 -4.767677 18826789
9.209599 4.331089 -4.850862 18827789
8.973277 4.340180 -4.931450 18828789
8.737520 4.350343 -5.009786 18829789
8.502602 4.361609 -5.086211 18830789
8.268791 4.374010 -5.161068 18831789
8.036360 4.387575 -5.234698 18832789
7.805579 4.402335 -5.307444 18833789
7.576721 4.418321 -5.379647 18834789
7.350055 4.435563 -5.451650 18835789
7.125853 4.454093 -5.523796 18836789
6.904386 4.473939 -5.596426 18837789
6.685925 4.495133 -5.669881 18838789
6.470742 4.517707 -5.744505 18839789
6.259108 4.541689 -5.820639 18840789
5.760253 4.626514 -6.003273 18841789
5.231635 4.767620 -6.193916 18842789
4.711609 4.941283 -6.379000 18843789
4.202113 5.127674 -6.558432 18844789
3.705079 5.306964 -6.732117 18845789
3.222441 5.459327 -6.899965 18846789
2.756134 5.564933 -7.061882 18847789
2.308093 5.603955 -7.217775 18848789
1.880252 5.556565 -7.367551 18849789
1.449049 5.388112 -7.518327 18850789
1.020886 5.069210 -7.658760 18851789
0.620629 4.637146 -7.782965 18852789
0.243605 4.126015 -7.897666 18853789
-0.114858 3.569907 -8.009587 18854789
-0.459434 3.002915 -8.125453 18855789
-0.794796 2.459129 -8.251987 18856789
-1.125618 1.972641 -8.395916 18857789
-1.457954 1.575570 -8.564465 18858789
-1.831161 1.232153 -8.774485 18859789
-2.240161 0.915548 -9.019928 18860789
-2.656090 0.624137 -9.285002 18861789
-3.050079 0.356302 -9.553918 18862789
-3.393264 0.110426 -9.810886 18863789
-3.656777 -0.115112 -10.040115 18864789
-3.811751 -0.321927 -10.225815 18865789
-3.829320 -0.511639 -10.352198 18866789
-3.680485 -0.695942 -10.422240 18867789
-3.376367 -0.881728 -10.456095 18868789
-2.953150 -1.057433 -10.455705 18869789
-2.447075 -1.211409 -10.422899 18870789
-1.894387 -1.332010 -10.359513 18871789
-1.331329 -1.407590 -10.267375 18872789
-0.794146 -1.426502 -10.148318 18873789
-0.319080 -1.377099 -10.004174 18874789
0.076270 -1.246529 -9.828970 18875789
0.441198 -1.031230 -9.601719 18876789
0.787325 -0.746134 -9.332509 18877789
1.121344 -0.407143 -9.034111 18878789
1.449950 -0.030161 -8.719296 18879789
1.779837 0.368911 -8.400833 18880789
2.117698 0.774170 -8.091495 18881789
2.470229 1.169712 -7.804051 18882789
2.818893 1.518527 -7.566622 18883789
3.156720 1.837583 -7.378771 18884789
3.523987 2.178487 -7.201547 18885789
3.908734 2.533224 -7.032201 18886789
4.299003 2.893777 -6.867980 18887789
4.682834 3.252133 -6.706132 18888789
5.048268 3.600272 -6.543908 18889789
5.383347 3.930182 -6.378554 18890789
5.676110 4.233847 -6.207320 18891789
5.914600 4.503248 -6.027454 18892789
6.105833 4.760431 -5.806777 18893789
6.173930 5.326025 -5.055148 18894789
5.861053 5.654555 -4.258067 18895789
5.600121 5.679353 -3.626413 18896789
5.884889 3.892664 -2.974969 18897789
4.712681 3.748901 -4.327479 18898789
2.636915 3.583075 -5.387660 18899789
2.212017 3.997242 -5.528165 18900789
3.899279 5.077054 -5.491679 18901789
5.260293 4.961428 -5.492786 18902789
6.235478 4.883018 -5.823872 18903789
6.243413 5.055183 -6.342654 18904789
5.942379 5.311937 -7.025729 18905789
5.517903 5.613260 -7.804193 18906789
5.142400 5.913578 -8.586533 18907789
4.947378 6.223417 -9.474267 18908789
4.926437 6.541173 -10.536423 18909789
4.870949 6.897388 -11.535053 18910789
4.543951 7.377155 -12.346366 18911789
3.952079 8.029844 -13.040056 18912789
3.229057 8.701508 -13.550426 18913789
2.484627 9.222653 -13.762575 18914789
1.585349 9.715528 -13.618807 18915789
0.702194 10.043115 -13.239228 18916789
0.152218 9.917375 -12.774120 18917789
-0.093675 9.076539 -12.315753 18918789
-0.040758 7.841063 -11.745459 18919789
0.528538 6.743511 -10.897614 18920789
1.278844 6.214090 -10.218793 18921789
2.362782 5.623298 -9.439325 18922789
3.602993 5.069677 -8.577866 18923789
4.791969 4.679759 -7.686919 18924789
5.722208 4.580070 -6.818996 18925789
6.190276 4.912498 -6.007154 18926789
5.427423 7.438231 -4.482902 18927789
3.667276 11.054626 -3.068730 18928789
2.559031 16.348146 -0.550073 18929789
4.710285 12.335008 -3.430092 18930789
5.307304 7.964884 -5.039513 18931789
6.168178 4.827908 -6.058378 18932789
6.612165 4.247121 -6.200890 18933789
7.134509 3.884255 -6.260430 18934789
7.710617 3.690181 -6.245984 18935789
8.315898 3.615771 -6.166536 18936789
8.925759 3.611893 -6.031069 18937789
9.515608 3.629419 -5.848568 18938789
10.060853 3.619220 -5.628016 18939789
10.536901 3.532164 -5.378397 18940789
11.148738 3.293831 -4.918364 18941789
11.741010 3.031621 -4.294838 18942789
12.262559 2.778359 -3.576736 18943789
12.683972 2.558301 -2.820142 18944789
12.975841 2.395706 -2.081144 18945789
13.107450 2.315091 -1.387825 18946789
13.069552 2.321020 -0.642447 18947789
12.899947 2.385182 0.119211 18948789
12.640271 2.476940 0.837369 18949789
12.332153 2.565655 1.452245 18950789
12.015828 2.621069 1.905031 18951789
11.644077 2.645167 2.211282 18952789
11.202410 2.657407 2.405824 18953789
10.727983 2.668208 2.495531 18954789
10.257950 2.687990 2.487272 18955789
9.829471 2.727171 2.387916 18956789
9.464815 2.782409 2.209683 18957789
9.138643 2.835204 1.957518 18958789
8.833900 2.901090 1.611099 18959789
8.534484 2.997008 1.149316 18960789
8.224286 3.139898 0.551064 18961789
7.958302 3.296705 -0.042879 18962789
7.797274 3.384147 -0.477134 18963789
7.637297 3.461826 -0.972055 18964789
7.477160 3.538121 -1.514835 18965789
7.315647 3.621416 -2.092670 18966789
7.151547 3.720092 -2.692752 18967789
6.983648 3.842529 -3.302275 18968789
6.810737 3.997112 -3.908435 18969789
6.631599 4.192219 -4.498424 18970789
6.445024 4.436234 -5.059435 18971789
6.249798 4.737538 -5.578664 18972789
6.063016 5.069599 -6.005223 18973789
5.982773 5.219038 -6.163661 18974789
5.895607 5.379846 -6.319890 18975789
5.802179 5.551376 -6.473904 18976789
5.703148 5.732985 -6.625689 18977789
5.599175 5.924031 -6.775236 18978789
5.490917 6.123867 -6.922534 18979789
5.379035 6.331849 -7.067572 18980789
5.264188 6.547334 -7.210340 18981789
5.147038 6.769680 -7.350829 18982789
5.028241 6.998239 -7.489025 18983789
4.908460 7.232370 -7.624920 18984789
4.788352 7.471426 -7.758502 18985789
4.668577 7.714767 -7.889763 18986789
4.549796 7.961744 -8.018689 18987789
4.432667 8.211716 -8.145272 18988789
4.317852 8.464040 -8.269502 18989789
4.206007 8.718069 -8.391364 18990789
4.097795 8.973161 -8.510852 18991789
3.993873 9.228671 -8.627954 18992789
3.894903 9.483955 -8.742660 18993789
3.801543 9.738370 -8.854958 18994789
3.714453 9.991270 -8.964837 18995789
3.634292 10.242012 -9.072289 18996789
3.561721 10.489953 -9.177303 18997789
3.497398 10.734447 -9.279866 18998789
3.441984 10.974851 -9.379971 18999789
3.396137 11.210520 -9.477604 19000789
3.360519 11.440811 -9.572756 19001789
3.335787 11.665080 -9.665416 19002789
3.322603 11.882682 -9.755574 19003789
3.321656 12.094177 -9.843719 19004789
3.338468 12.349849 -9.941957 19005789
3.374572 12.607190 -10.025422 19006789
3.428591 12.865720 -10.095619 19007789
3.499152 13.124949 -10.154050 19008789
3.584877 13.384396 -10.202219 19009789
3.684391 13.643574 -10.241626 19010789
3.796319 13.901999 -10.273774 19011789
3.919286 14.159188 -10.300170 19012789
4.051915 14.414652 -10.322311 19013789
4.192831 14.667911 -10.341703 19014789
4.340657 14.918476 -10.359850 19015789
4.494020 15.165864 -10.378252 19016789
4.651543 15.409588 -10.398413 19017789
4.811851 15.649169 -10.421835 19018789
4.973567 15.884116 -10.450022 19019789
5.135316 16.113947 -10.484475 19020789
5.295724 16.338177 -10.526700 19021789
5.453413 16.556320 -10.578197 19022789
5.607009 16.767893 -10.640467 19023789
5.755136 16.972408 -10.715017 19024789
5.896419 17.169386 -10.803349 19025789
6.029481 17.358335 -10.906963 19026789
6.152947 17.538774 -11.027365 19027789
6.265442 17.710218 -11.166055 19028789
6.365590 17.872183 -11.324538 19029789
6.456963 18.027481 -11.505694 19030789
6.549628 18.182774 -11.712166 19031789
6.643439 18.337519 -11.941939 19032789
6.737853 18.490891 -12.192854 19033789
6.832328 18.642073 -12.462756 19034789
6.926323 18.790245 -12.749487 19035789
7.019296 18.934589 -13.050889 19036789
7.110704 19.074282 -13.364806 19037789
7.200007 19.208508 -13.689078 19038789
7.286662 19.336441 -14.021552 19039789
7.370127 19.457266 -14.360068 19040789
7.449861 19.570162 -14.702471 19041789
7.525321 19.674309 -15.046602 19042789
7.595965 19.768887 -15.390302 19043789
7.661253 19.853075 -15.731418 19044789
7.720643 19.926058 -16.067791 19045789
7.773591 19.987015 -16.397264 19046789
7.819556 20.035118 -16.717678 19047789
7.857997 20.069557 -17.026878 19048789
7.888371 20.089506 -17.322706 19049789
7.910137 20.094149 -17.603004 19050789
7.922753 20.082664 -17.865616 19051789
7.925675 20.054234 -18.108385 19052789
7.918365 20.008036 -18.329153 19053789
7.900279 19.943249 -18.525764 19054789
7.870114 19.857767 -18.699076 19055789
7.823975 19.745008 -18.863699 19056789
7.762424 19.605833 -19.021564 19057789
7.686680 19.442205 -19.172327 19058789
7.597964 19.256086 -19.315630 19059789
7.497497 19.049446 -19.451126 19060789
7.386498 18.824244 -19.578461 19061789
7.266188 18.582447 -19.697285 19062789
7.137786 18.326019 -19.807249 19063789
7.002514 18.056929 -19.907997 19064789
6.861591 17.777138 -19.999184 19065789
6.716238 17.488609 -20.080454 19066789
6.567675 17.193312 -20.151457 19067789
6.417120 16.893208 -20.211842 19068789
6.265797 16.590261 -20.261259 19069789
6.114923 16.286438 -20.299353 19070789
5.965720 15.983706 -20.325779 19071789
5.819408 15.684026 -20.340181 19072789
5.677207 15.389364 -20.342209 19073789
5.540337 15.101685 -20.331514 19074789
5.410018 14.822951 -20.307739 19075789
5.287471 14.555134 -20.270540 19076789
5.173916 14.300192 -20.219563 19077789
5.070573 14.060092 -20.154455 19078789
4.978662 13.836798 -20.074863 19079789
4.898914 13.631804 -19.980165 19080789
4.823758 13.438113 -19.865505 19081789
4.750382 13.252341 -19.730164 19082789
4.678995 13.073886 -19.575342 19083789
4.609802 12.902150 -19.402235 19084789
4.543011 12.736534 -19.212048 19085789
4.478828 12.576437 -19.005972 19086789
4.417461 12.421262 -18.785215 19087789
4.359118 12.270409 -18.550974 19088789
4.304004 12.123277 -18.304443 19089789
4.252327 11.979267 -18.046827 19090789
4.204295 11.837781 -17.779325 19091789
4.160114 11.698221 -17.503136 19092789
4.119990 11.559986 -17.219458 19093789
4.084132 11.422475 -16.929489 19094789
4.052745 11.285091 -16.634432 19095789
4.026038 11.147234 -16.335484 19096789
4.004218 11.008306 -16.033848 19097789
3.987490 10.867706 -15.730716 19098789
3.976062 10.724834 -15.427294 19099789
3.970142 10.579093 -15.124779 19100789
3.969936 10.429882 -14.824370 19101789
3.975652 10.276605 -14.527271 19102789
3.987495 10.118657 -14.234674 19103789
4.005674 9.955443 -13.947783 19104789
4.030343 9.786753 -13.668407 19105789
4.067473 9.621743 -13.402585 19106789
4.123835 9.450528 -13.125791 19107789
4.197557 9.273735 -12.839186 19108789
4.286772 9.091990 -12.543927 19109789
4.389608 8.905921 -12.241173 19110789
4.504195 8.716155 -11.932079 19111789
4.628663 8.523316 -11.617805 19112789
4.761141 8.328037 -11.299505 19113789
4.899761 8.130941 -10.978339 19114789
5.042650 7.932658 -10.655465 19115789
5.187941 7.733812 -10.332038 19116789
5.333762 7.535033 -10.009219 19117789
5.478243 7.336946 -9.688161 19118789
5.619514 7.140180 -9.370025 19119789
5.755706 6.945360 -9.055965 19120789
5.884947 6.753116 -8.747144 19121789
6.005368 6.564073 -8.444714 19122789
6.115099 6.378859 -8.149835 19123789
6.212270 6.198101 -7.863663 19124789
6.295010 6.022425 -7.587358 19125789
6.361449 5.852460 -7.322075 19126789
6.409718 5.688834 -7.068973 19127789
6.437945 5.532172 -6.829209 19128789
6.444262 5.383101 -6.603939 19129789
6.426798 5.242250 -6.394322 19130789
6.383682 5.110245 -6.201516 19131789
6.310584 4.984254 -6.021683 19132789
6.189268 4.849034 -5.827367 19133789
6.032844 4.725904 -5.646010 19134789
5.844037 4.613954 -5.477534 19135789
5.625574 4.512277 -5.321859 19136789
5.380179 4.419966 -5.178909 19137789
5.110579 4.336112 -5.048604 19138789
4.819498 4.259809 -4.930866 19139789
4.509661 4.190147 -4.825616 19140789
4.183795 4.126219 -4.732776 19141789
3.844625 4.067117 -4.652267 19142789
3.494876 4.011934 -4.584012 19143789
3.137274 3.959761 -4.527930 19144789
2.774545 3.909691 -4.483946 19145789
2.409412 3.860816 -4.451978 19146789
2.044603 3.812228 -4.431950 19147789
1.682842 3.763019 -4.423782 19148789
1.326855 3.712281 -4.427396 19149789
0.979369 3.659107 -4.442715 19150789
0.643106 3.602589 -4.469659 19151789
0.320794 3.541819 -4.508149 19152789
0.015158 3.475888 -4.558108 19153789
-0.271077 3.403891 -4.619457 19154789
-0.564312 3.324357 -4.703508 19155789
-0.869398 3.248796 -4.818097 19156789
-1.181201 3.177529 -4.959939 19157789
-1.497857 3.109624 -5.126387 19158789
-1.817507 3.044142 -5.314795 19159789
-2.138287 2.980149 -5.522515 19160789
-2.458336 2.916708 -5.746902 19161789
-2.775793 2.852884 -5.985309 19162789
-3.088796 2.787741 -6.235088 19163789
-3.395482 2.720343 -6.493595 19164789
-3.693991 2.649755 -6.758181 19165789
-3.982460 2.575039 -7.026201 19166789
-4.259027 2.495260 -7.295008 19167789
-4.521830 2.409484 -7.561954 19168789
-4.769009 2.316773 -7.824394 19169789
-4.998702 2.216192 -8.079680 19170789
-5.209045 2.106805 -8.325168 19171789
-5.398179 1.987676 -8.558210 19172789
-5.564239 1.857869 -8.776158 19173789
-5.705367 1.716449 -8.976369 19174789
-5.819794 1.562322 -9.156453 19175789
-5.911186 1.387207 -9.327840 19176789
-5.982770 1.188885 -9.497466 19177789
-6.035290 0.970201 -9.664880 19178789
-6.069490 0.734000 -9.829618 19179789
-6.086115 0.483129 -9.991224 19180789
-6.085910 0.220432 -10.149240 19181789
-6.069618 -0.051244 -10.303207 19182789
-6.037985 -0.329055 -10.452669 19183789
-5.991755 -0.610154 -10.597166 19184789
-5.931674 -0.891697 -10.736239 19185789
-5.858484 -1.170838 -10.869431 19186789
-5.772932 -1.444731 -10.996285 19187789
-5.675762 -1.710531 -11.116341 19188789
-5.567717 -1.965392 -11.229142 19189789
-5.449544 -2.206468 -11.334229 19190789
-5.321987 -2.430915 -11.431146 19191789
-5.185789 -2.635887 -11.519430 19192789
-5.041696 -2.818537 -11.598629 19193789
-4.890452 -2.976022 -11.668281 19194789
-4.732802 -3.105495 -11.727928 19195789
-4.567518 -3.206055 -11.776570 19196789
-4.383169 -3.288444 -11.810896 19197789
-4.179208 -3.355223 -11.831393 19198789
-3.957338 -3.406929 -11.839221 19199789
-3.719263 -3.444098 -11.835548 19200789
-3.466685 -3.467264 -11.821535 19201789
-3.201307 -3.476964 -11.798347 19202789
-2.924831 -3.473733 -11.767147 19203789
-2.638963 -3.458106 -11.729099 19204789
-2.345402 -3.430621 -11.685369 19205789
-2.045853 -3.391812 -11.637117 19206789
-1.742019 -3.342214 -11.585510 19207789
-1.435602 -3.282365 -11.531711 19208789
-1.128305 -3.212799 -11.476883 19209789
-0.821832 -3.134052 -11.422190 19210789
-0.517885 -3.046660 -11.368796 19211789
-0.218167 -2.951159 -11.317865 19212789
0.075619 -2.848084 -11.270563 19213789
0.361770 -2.737970 -11.228049 19214789
0.638584 -2.621355 -11.191491 19215789
0.904357 -2.498773 -11.162050 19216789
1.164714 -2.365222 -11.141622 19217789
1.432386 -2.211193 -11.131279 19218789
1.706261 -2.038330 -11.129484 19219789
1.984854 -1.848566 -11.134645 19220789
2.266683 -1.643835 -11.145174 19221789
2.550264 -1.426071 -11.159478 19222789
2.834115 -1.197206 -11.175969 19223789
3.116751 -0.959176 -11.193053 19224789
3.396690 -0.713912 -11.209146 19225789
3.672449 -0.463349 -11.222650 19226789
3.942543 -0.209420 -11.231977 19227789
4.205490 0.045941 -11.235539 19228789
4.459806 0.300801 -11.231743 19229789
4.704009 0.553226 -11.219000 19230789
4.936614 0.801283 -11.195718 19231789
5.156139 1.043037 -11.160307 19232789
5.361100 1.276556 -11.111177 19233789
5.550015 1.499906 -11.046738 19234789
5.721399 1.711155 -10.965399 19235789
5.873770 1.908366 -10.865568 19236789
6.004266 2.087510 -10.747170 19237789
6.115067 2.242919 -10.612053 19238789
6.220985 2.391482 -10.450027 19239789
6.321277 2.533708 -10.263931 19240789
6.415198 2.670107 -10.056604 19241789
6.502006 2.801189 -9.830889 19242789
6.580958 2.927462 -9.589622 19243789
6.651310 3.049436 -9.335644 19244789
6.712319 3.167620 -9.071795 19245789
6.763242 3.282523 -8.800916 19246789
6.803335 3.394656 -8.525845 19247789
6.831855 3.504527 -8.249420 19248789
6.848059 3.612646 -7.974484 19249789
6.851203 3.719521 -7.703875 19250789
6.840545 3.825663 -7.440432 19251789
6.815340 3.931580 -7.186996 19252789
6.774846 4.037783 -6.946406 19253789
6.718319 4.144780 -6.721501 19254789
6.645016 4.253080 -6.515123 19255789
6.554194 4.363194 -6.330110 19256789
6.445109 4.475630 -6.169301 19257789
6.317019 4.590898 -6.035537 19258789
6.169179 4.709507 -5.931657 19259789
5.994367 4.835359 -5.857175 19260789
5.784112 4.967800 -5.806399 19261789
5.543598 5.103153 -5.778707 19262789
5.275187 5.240949 -5.772498 19263789
4.981248 5.380722 -5.786172 19264789
4.664145 5.522004 -5.818131 19265789
4.326244 5.664329 -5.866776 19266789
3.969909 5.807228 -5.930506 19267789
3.597507 5.950234 -6.007722 19268789
3.211404 6.092879 -6.096825 19269789
2.813964 6.234698 -6.196215 19270789
2.407553 6.375223 -6.304293 19271789
1.994537 6.513983 -6.419459 19272789
1.577281 6.650516 -6.540114 19273789
1.158150 6.784351 -6.664658 19274789
0.739511 6.915021 -6.791492 19275789
0.323728 7.042061 -6.919016 19276789
-0.086833 7.165001 -7.045631 19277789
-0.489806 7.283375 -7.169737 19278789
-0.882826 7.396715 -7.289735 19279789
-1.263528 7.504554 -7.404027 19280789
-1.632040 7.607090 -7.511720 19281789
-2.038633 7.712782 -7.624612 19282789
-2.463382 7.812752 -7.736554 19283789
-2.902952 7.907371 -7.848308 19284789
-3.354008 7.997011 -7.960638 19285789
-3.813215 8.082041 -8.074306 19286789
-4.277238 8.162833 -8.190075 19287789
-4.742743 8.239760 -8.308708 19288789
-5.206394 8.313191 -8.430967 19289789
-5.664855 8.383497 -8.557615 19290789
-6.114794 8.451050 -8.689417 19291789
-6.552874 8.516220 -8.827131 19292789
-6.975759 8.579379 -8.971524 19293789
-7.380115 8.640898 -9.123357 19294789
-7.762607 8.701146 -9.283393 19295789
-8.119902 8.760497 -9.452394 19296789
-8.448663 8.819320 -9.631124 19297789
-8.745554 8.877987 -9.820347 19298789
-9.007241 8.936869 -10.020823 19299789
-9.230391 8.996336 -10.233315 19300789
-9.414479 9.056684 -10.461072 19301789
-9.571069 9.117634 -10.714904 19302789
-9.702445 9.178848 -10.993143 19303789
-9.809329 9.240012 -11.292500 19304789
-9.892443 9.300810 -11.609682 19305789
-9.952510 9.360927 -11.941399 19306789
-9.990251 9.420044 -12.284357 19307789
-10.006386 9.477849 -12.635267 19308789
-10.001638 9.534026 -12.990836 19309789
-9.976730 9.588261 -13.347775 19310789
-9.932381 9.640235 -13.702787 19311789
-9.869314 9.689636 -14.052587 19312789
-9.788250 9.736147 -14.393878 19313789
-9.689913 9.779454 -14.723372 19314789
-9.575021 9.819242 -15.037777 19315789
-9.444297 9.855191 -15.333801 19316789
-9.298464 9.886992 -15.608152 19317789
-9.138242 9.914325 -15.857537 19318789
-8.964354 9.936877 -16.078671 19319789
-8.777466 9.954342 -16.268297 19320789
-8.561512 9.969436 -16.437542 19321789
-8.306225 9.984106 -16.596527 19322789
-8.015712 9.997816 -16.744705 19323789
-7.694089 10.010029 -16.881525 19324789
-7.345465 10.020208 -17.006443 19325789
-6.973953 10.027819 -17.118906 19326789
-6.583665 10.032322 -17.218367 19327789
-6.178712 10.033182 -17.304274 19328789
-5.763206 10.029864 -17.376081 19329789
-5.341259 10.021831 -17.433245 19330789
-4.916982 10.008545 -17.475206 19331789
-4.494489 9.989470 -17.501421 19332789
-4.077889 9.964071 -17.511345 19333789
-3.671297 9.931811 -17.504425 19334789
-3.278821 9.892155 -17.480112 19335789
-2.904577 9.844563 -17.437859 19336789
-2.552673 9.788500 -17.377115 19337789
-2.227223 9.723432 -17.297333 19338789
-1.932338 9.648819 -17.197964 19339789
-1.669972 9.563231 -17.076487 19340789
-1.431251 9.462605 -16.924055 19341789
-1.212860 9.347783 -16.741903 19342789
-1.012664 9.220259 -16.532642 19343789
-0.828530 9.081514 -16.298882 19344789
-0.658324 8.933044 -16.043228 19345789
-0.499912 8.776334 -15.768296 19346789
-0.351160 8.612871 -15.476686 19347789
-0.209935 8.444148 -15.171019 19348789
-0.074101 8.271649 -14.853894 19349789
0.058474 8.096867 -14.527928 19350789
0.189924 7.921286 -14.195724 19351789
0.322385 7.746397 -13.859895 19352789
0.457988 7.573688 -13.523049 19353789
0.598869 7.404647 -13.187797 19354789
0.747161 7.240764 -12.856747 19355789
0.904998 7.083526 -12.532507 19356789
1.074515 6.934423 -12.217690 19357789
1.257844 6.794942 -11.914901 19358789
1.456035 6.667209 -11.628183 19359789
1.648587 6.562372 -11.372727 19360789
1.852292 6.466859 -11.111948 19361789
2.065882 6.379535 -10.846725 19362789
2.288090 6.299265 -10.577937 19363789
2.517645 6.224912 -10.306464 19364789
2.753282 6.155341 -10.033190 19365789
2.993731 6.089415 -9.758991 19366789
3.237725 6.026000 -9.484748 19367789
3.483996 5.963958 -9.211340 19368789
3.731275 5.902154 -8.939649 19369789
3.978295 5.839453 -8.670552 19370789
4.223786 5.774719 -8.404933 19371789
4.466483 5.706815 -8.143668 19372789
4.705116 5.634607 -7.887640 19373789
4.938416 5.556957 -7.637727 19374789
5.165117 5.472729 -7.394808 19375789
5.383950 5.380790 -7.159766 19376789
5.593647 5.280003 -6.933480 19377789
5.792941 5.169232 -6.716829 19378789
5.980561 5.047339 -6.510693 19379789
6.155242 4.913191 -6.315953 19380789
6.378848 4.700830 -6.060003 19381789
6.694396 4.308552 -5.677367 19382789
6.968666 3.860476 -5.322942 19383789
7.207839 3.370299 -4.999066 19384789
7.418097 2.851715 -4.708080 19385789
7.605628 2.318415 -4.452323 19386789
7.776611 1.784096 -4.234133 19387789
7.937231 1.262449 -4.055850 19388789
8.093671 0.767169 -3.919811 19389789
8.252114 0.311949 -3.828358 19390789
8.439623 -0.182764 -3.787829 19391789
8.612769 -0.719092 -3.843145 19392789
8.761145 -1.243614 -3.983619 19393789
8.894998 -1.741657 -4.188449 19394789
9.024581 -2.198548 -4.436835 19395789
9.160139 -2.599612 -4.707976 19396789
9.311920 -2.930175 -4.981069 19397789
9.490403 -3.175769 -5.236609 19398789
9.709352 -3.336119 -5.510584 19399789
9.960062 -3.422863 -5.817952 19400789
10.225557 -3.445767 -6.145328 19401789
10.488863 -3.414593 -6.479322 19402789
10.733002 -3.339107 -6.806549 19403789
10.941000 -3.229072 -7.113619 19404789
11.095879 -3.094254 -7.387146 19405789
11.185573 -2.932041 -7.631391 19406789
11.221054 -2.717015 -7.882574 19407789
11.214467 -2.457361 -8.128384 19408789
11.177508 -2.163484 -8.353332 19409789
11.121867 -1.845788 -8.541928 19410789
11.059241 -1.514677 -8.678682 19411789
11.001321 -1.180555 -8.748105 19412789
10.960598 -0.852945 -8.733850 19413789
10.959651 -0.518017 -8.610280 19414789
10.986078 -0.169397 -8.393242 19415789
11.015150 0.190400 -8.112396 19416789
11.022145 0.558856 -7.797410 19417789
10.982338 0.933454 -7.477942 19418789
10.871003 1.311675 -7.183658 19419789
10.663420 1.691004 -6.944221 19420789
10.400704 2.008495 -6.805033 19421789
10.082209 2.313303 -6.718250 19422789
9.706167 2.623681 -6.660517 19423789
9.285058 2.937548 -6.619096 19424789
8.831360 3.252825 -6.581250 19425789
8.357556 3.567434 -6.534243 19426789
7.876122 3.879295 -6.465337 19427789
7.399541 4.186330 -6.361796 19428789
6.940292 4.486458 -6.210884 19429789
6.541873 4.755953 -6.018107 19430789
6.314693 4.912106 -5.871738 19431789
6.092207 5.064198 -5.701793 19432789
5.873415 5.212842 -5.511396 19433789
5.657317 5.358649 -5.303670 19434789
5.442915 5.502227 -5.081740 19435789
5.229210 5.644188 -4.848731 19436789
5.015203 5.785142 -4.607767 19437789
4.799894 5.925701 -4.361971 19438789
4.582285 6.066474 -4.114470 19439789
4.361377 6.208073 -3.868386 19440789
4.136170 6.351107 -3.626844 19441789
3.905666 6.496188 -3.392969 19442789
3.668865 6.643925 -3.169884 19443789
3.424770 6.794930 -2.960716 19444789
3.172379 6.949813 -2.768586 19445789
2.910696 7.109185 -2.596621 19446789
2.638720 7.273656 -2.447943 19447789
2.314540 7.461904 -2.306649 19448789
1.950054 7.656606 -2.178117 19449789
1.557826 7.853809 -2.064357 19450789
1.144124 8.053655 -1.964374 19451789
0.715217 8.256289 -1.877170 19452789
0.277372 8.461852 -1.801750 19453789
-0.163141 8.670488 -1.737116 19454789
-0.600054 8.882340 -1.682273 19455789
-1.027101 9.097552 -1.636222 19456789
-1.438011 9.316266 -1.597969 19457789
-1.826517 9.538626 -1.566516 19458789
-2.186350 9.764773 -1.540868 19459789
-2.511243 9.994854 -1.520026 19460789
-2.794928 10.229010 -1.502995 19461789
-3.031134 10.467381 -1.488778 19462789
-3.216765 10.713633 -1.477089 19463789
-3.362573 10.980470 -1.470376 19464789
-3.472888 11.265410 -1.469193 19465789
-3.550894 11.564308 -1.473813 19466789
-3.599773 11.873012 -1.484508 19467789
-3.622709 12.187375 -1.501551 19468789
-3.622885 12.503250 -1.525216 19469789
-3.603486 12.816490 -1.555775 19470789
-3.567693 13.122944 -1.593501 19471789
-3.518691 13.418465 -1.638668 19472789
-3.459662 13.698905 -1.691548 19473789
-3.393792 13.960117 -1.752415 19474789
-3.324261 14.197950 -1.821541 19475789
-3.254255 14.408262 -1.899199 19476789
-3.186955 14.586899 -1.985663 19477789
-3.124721 14.731365 -2.081817 19478789
-3.060796 14.855925 -2.193591 19479789
-2.992187 14.964531 -2.320790 19480789
-2.917922 15.056807 -2.461371 19481789
-2.837030 15.132368 -2.613291 19482789
-2.748542 15.190835 -2.774504 19483789
-2.651487 15.231828 -2.942970 19484789
-2.544894 15.254964 -3.116642 19485789
-2.427794 15.259865 -3.293479 19486789
-2.299214 15.246149 -3.471436 19487789
-2.158185 15.213434 -3.648469 19488789
-2.003736 15.161343 -3.822536 19489789
-1.834896 15.089491 -3.991592 19490789
-1.650697 14.997499 -4.153593 19491789
-1.450165 14.884986 -4.306497 19492789
-1.232141 14.751437 -4.448447 19493789
-0.986034 14.589457 -4.588122 19494789
-0.709373 14.397032 -4.730260 19495789
-0.406576 14.177008 -4.873594 19496789
-0.082064 13.932220 -5.016860 19497789
0.259744 13.665508 -5.158789 19498789
0.614429 13.379714 -5.298117 19499789
0.977570 13.077675 -5.433576 19500789
1.344749 12.762230 -5.563902 19501789
1.711545 12.436219 -5.687827 19502789
2.073540 12.102484 -5.804087 19503789
2.426315 11.763861 -5.911414 19504789
2.765448 11.423190 -6.008543 19505789
3.086520 11.083313 -6.094207 19506789
3.385113 10.747066 -6.167141 19507789
3.656806 10.417291 -6.226079 19508789
3.885726 10.115874 -6.262916 19509789
4.104702 9.806629 -6.279513 19510789
4.315742 9.488476 -6.278901 19511789
4.518944 9.162746 -6.263761 19512789
4.714407 8.830773 -6.236780 19513789
4.902228 8.493889 -6.200644 19514789
5.082506 8.153423 -6.158035 19515789
5.255338 7.810712 -6.111640 19516789
5.420823 7.467085 -6.064144 19517789
5.579058 7.123876 -6.018229 19518789
5.730143 6.782416 -5.976583 19519789
5.874175 6.444038 -5.941888 19520789
6.011252 6.110074 -5.916831 19521789
6.141472 5.781857 -5.904097 19522789
6.264933 5.460719 -5.906368 19523789
6.381735 5.147992 -5.926332 19524789
6.491971 4.844594 -5.966771 19525789
6.586525 4.542262 -6.033262 19526789
6.660324 4.239659 -6.124885 19527789
6.716434 3.937642 -6.237741 19528789
6.757923 3.637065 -6.367933 19529789
6.787858 3.338784 -6.511562 19530789
6.809309 3.043655 -6.664731 19531789
6.825340 2.752533 -6.823540 19532789
6.839022 2.466274 -6.984094 19533789
6.853419 2.185733 -7.142492 19534789
6.871601 1.911765 -7.294838 19535789
6.896636 1.645227 -7.437234 19536789
6.931591 1.386974 -7.565783 19537789
6.979531 1.137862 -7.676583 19538789
7.043528 0.898745 -7.765740 19539789
7.126647 0.670480 -7.829354 19540789
7.231955 0.453922 -7.863529 19541789
7.367781 0.239490 -7.863859 19542789
7.528632 0.023270 -7.826190 19543789
7.704926 -0.183732 -7.754351 19544789
7.895702 -0.381270 -7.653224 19545789
8.100004 -0.569099 -7.527687 19546789
8.316876 -0.746974 -7.382623 19547789
8.545362 -0.914649 -7.222913 19548789
8.784503 -1.071879 -7.053436 19549789
9.033344 -1.218418 -6.879074 19550789
9.290929 -1.354021 -6.704706 19551789
9.556299 -1.478443 -6.535214 19552789
9.828497 -1.591437 -6.375479 19553789
10.106569 -1.692759 -6.230381 19554789
10.389556 -1.782164 -6.104802 19555789
10.676501 -1.859405 -6.003620 19556789
10.968649 -1.924834 -5.930507 19557789
11.284574 -1.983498 -5.876708 19558789
11.624890 -2.035549 -5.837834 19559789
11.984870 -2.079691 -5.811896 19560789
12.359782 -2.114623 -5.796904 19561789
12.744896 -2.139047 -5.790867 19562789
13.135481 -2.151664 -5.791798 19563789
13.526809 -2.151175 -5.797706 19564789
13.914145 -2.136281 -5.806599 19565789
14.292758 -2.105683 -5.816490 19566789
14.657921 -2.058083 -5.825387 19567789
15.004903 -1.992181 -5.831303 19568789
15.328971 -1.906679 -5.832245 19569789
15.625394 -1.800277 -5.826224 19570789
15.889443 -1.671677 -5.811253 19571789
16.117905 -1.518594 -5.785859 19572789
16.327936 -1.328110 -5.755800 19573789
16.524912 -1.100618 -5.723244 19574789
16.707893 -0.841296 -5.688248 19575789
16.875937 -0.555322 -5.650867 19576789
17.028103 -0.247874 -5.611157 19577789
17.163450 0.075871 -5.569173 19578789
17.281038 0.410734 -5.524971 19579789
17.379927 0.751537 -5.478607 19580789
17.459175 1.093102 -5.430136 19581789
17.517843 1.430250 -5.379614 19582789
17.554987 1.757805 -5.327096 19583789
17.569668 2.070587 -5.272638 19584789
17.560949 2.363419 -5.216296 19585789
17.527884 2.631122 -5.158125 19586789
17.469603 2.869516 -5.097654 19587789
17.387064 3.096129 -5.024368 19588789
17.281277 3.318352 -4.936624 19589789
17.152769 3.535184 -4.837721 19590789
17.002062 3.745625 -4.730959 19591789
16.829683 3.948673 -4.619639 19592789
16.636168 4.143329 -4.507061 19593789
16.422035 4.328590 -4.396524 19594789
16.187813 4.503457 -4.291328 19595789
15.934031 4.666927 -4.194774 19596789
15.661215 4.818000 -4.110161 19597789
15.369890 4.955676 -4.040788 19598789
15.060588 5.078952 -3.989957 19599789
14.733832 5.186830 -3.960966 19600789
14.390151 5.278306 -3.957117 19601789
14.040720 5.350286 -3.980252 19602789
13.698280 5.396276 -4.013753 19603789
13.302642 5.427714 -4.055206 19604789
12.862064 5.445732 -4.105019 19605789
12.384817 5.451459 -4.163601 19606789
11.879162 5.446026 -4.231359 19607789
11.353366 5.430564 -4.308704 19608789
10.815692 5.406204 -4.396041 19609789
10.274406 5.374075 -4.493782 19610789
9.737776 5.335310 -4.602333 19611789
9.214064 5.291037 -4.722103 19612789
8.711533 5.242387 -4.853500 19613789
8.238451 5.190491 -4.996934 19614789
7.803083 5.136481 -5.152812 19615789
7.413693 5.081486 -5.321544 19616789
7.078546 5.026637 -5.503536 19617789
6.805906 4.973063 -5.699198 19618789
6.604041 4.921897 -5.908938 19619789
6.481213 4.874269 -6.133166 19620789
6.442939 4.805149 -6.461044 19621789
6.529321 4.715722 -6.841712 19622789
6.725280 4.611090 -7.263693 19623789
7.014297 4.495591 -7.719617 19624789
7.379853 4.373559 -8.202115 19625789
7.805426 4.249328 -8.703819 19626789
8.274500 4.127234 -9.217360 19627789
8.770554 4.011614 -9.735370 19628789
9.277065 3.906802 -10.250479 19629789
9.777518 3.817132 -10.755318 19630789
10.255391 3.746941 -11.242517 19631789
10.694166 3.700564 -11.704711 19632789
11.077322 3.682336 -12.134531 19633789
11.406251 3.698453 -12.547911 19634789
11.760204 3.768656 -13.047731 19635789
12.090565 3.886510 -13.553690 19636789
12.400425 4.043229 -14.054554 19637789
12.692879 4.230028 -14.539093 19638789
12.971018 4.438124 -14.996074 19639789
13.237934 4.658731 -15.414264 19640789
13.496720 4.883063 -15.782430 19641789
13.750472 5.102337 -16.089342 19642789
14.002279 5.307767 -16.323767 19643789
14.255234 5.490569 -16.474474 19644789
14.519220 5.651418 -16.526278 19645789
14.816773 5.820620 -16.465275 19646789
15.136660 5.996504 -16.308077 19647789
15.464402 6.173589 -16.073685 19648789
15.785523 6.346388 -15.781112 19649789
16.085546 6.509418 -15.449359 19650789
16.349989 6.657192 -15.097436 19651789
16.564377 6.784229 -14.744350 19652789
16.714233 6.885043 -14.409106 19653789
16.785076 6.954148 -14.110714 19654789
16.762428 6.986068 -13.868165 19655789
16.633398 6.986700 -13.669335 19656789
16.406143 6.964605 -13.488775 19657789
16.097284 6.919595 -13.322141 19658789
15.723441 6.851480 -13.165078 19659789
15.301235 6.760070 -13.013245 19660789
14.847289 6.645176 -12.862290 19661789
14.378223 6.506610 -12.707865 19662789
13.910661 6.344182 -12.545624 19663789
13.461218 6.157701 -12.371214 19664789
13.046523 5.946980 -12.180292 19665789
12.676845 5.704427 -11.969761 19666789
12.313674 5.379569 -11.746922 19667789
11.948874 4.981993 -11.514422 19668789
11.584228 4.535027 -11.273070 19669789
11.221513 4.062000 -11.023665 19670789
10.862513 3.586238 -10.767017 19671789
10.509005 3.131070 -10.503930 19672789
10.162774 2.719825 -10.235209 19673789
9.825601 2.375828 -9.961659 19674789
9.499264 2.122408 -9.684088 19675789
9.185546 1.982893 -9.403298 19676789
8.908924 1.964272 -9.121714 19677789
8.623691 2.026007 -8.771653 19678789
8.329821 2.155589 -8.368342 19679789
8.033985 2.342202 -7.933895 19680789
7.742852 2.575032 -7.490432 19681789
7.463093 2.843263 -7.060067 19682789
7.201374 3.136082 -6.664918 19683789
6.964366 3.442673 -6.327103 19684789
6.758739 3.752223 -6.068739 19685789
6.591161 4.053916 -5.911942 19686789
6.468302 4.336937 -5.878830 19687789
6.396830 4.590473 -5.991519 19688789
6.915945 5.666829 -8.950654 19689789
8.600816 7.235296 -15.543697 19690789
6.954967 5.763316 -7.225748 19691789
7.145003 3.586522 -5.672895 19692789
9.251363 2.744230 -6.806142 19693789
13.387440 0.973017 -7.483976 19694789
15.545110 3.111869 -7.235576 19695789
12.967837 3.188618 -6.366285 19696789
10.699427 3.867149 -6.314263 19697789
8.261601 4.549287 -6.275448 19698789
6.579605 4.745324 -6.127296 19699789
6.289527 4.452460 -5.945856 19700789
6.377810 4.024625 -5.758664 19701789
6.663631 3.459640 -5.537938 19702789
7.096815 2.798264 -5.295048 19703789
7.627192 2.081253 -5.041369 19704789
8.204590 1.349365 -4.788271 19705789
8.778838 0.643357 -4.547128 19706789
9.299764 0.003986 -4.329310 19707789
9.717196 -0.527990 -4.146190 19708789
10.191607 -1.155038 -3.955252 19709789
10.645890 -1.718308 -3.834065 19710789
11.072989 -2.203605 -3.746836 19711789
11.485660 -2.624118 -3.647605 19712789
11.896656 -2.993033 -3.490409 19713789
12.319317 -3.324917 -3.229078 19714789
12.782578 -3.679612 -2.831067 19715789
13.270531 -4.033268 -2.335990 19716789
13.746494 -4.316630 -1.800856 19717789
14.173794 -4.460441 -1.282667 19718789
14.515755 -4.395444 -0.838431 19719789
14.745211 -4.037671 -0.510265 19720789
14.906780 -3.286573 -0.228230 19721789
15.001752 -2.272989 0.009262 19722789
15.017369 -1.163692 0.181784 19723789
14.940885 -0.125453 0.268908 19724789
14.759547 0.674953 0.250206 19725789
14.459580 1.117543 0.109797 19726789
14.040951 1.297152 -0.142576 19727789
13.521883 1.323202 -0.490976 19728789
12.921169 1.301513 -0.919684 19729789
12.257612 1.337902 -1.412982 19730789
11.550007 1.538187 -1.955155 19731789
11.206376 1.673212 -2.188364 19732789
10.819302 1.800971 -2.399228 19733789
10.396774 1.928104 -2.599039 19734789
9.948823 2.060358 -2.797505 19735789
9.485479 2.203479 -3.004338 19736789
9.016776 2.363215 -3.229247 19737789
8.552740 2.545312 -3.481941 19738789
8.103405 2.755516 -3.772130 19739789
7.678800 2.999573 -4.109524 19740789
7.288956 3.283232 -4.503833 19741789
6.943904 3.612237 -4.964767 19742789
6.653676 3.992336 -5.502035 19743789
6.428299 4.429274 -6.125348 19744789
6.182831 5.358735 -7.461865 19745789
6.056085 6.613125 -9.270402 19746789
6.042739 8.048090 -11.339672 19747789
6.120748 9.559557 -13.516140 19748789
6.268072 11.043453 -15.646276 19749789
6.462668 12.395706 -17.576544 19750789
6.682493 13.512244 -19.153414 19751789
8.208001 7.819414 -14.760467 19752789
6.362564 4.967056 -6.674489 19753789
6.254516 4.816544 -5.269888 19754789
6.307221 4.889486 -4.566159 19755789
6.427168 5.062845 -3.960827 19756789
6.592773 5.314105 -3.436581 19757789
6.782457 5.620746 -2.976103 19758789
6.974638 5.960251 -2.562082 19759789
7.147736 6.310105 -2.177202 19760789
7.280170 6.647788 -1.804149 19761789
7.359092 6.972639 -1.407197 19762789
7.445071 7.354332 -1.000448 19763789
7.534170 7.766889 -0.644167 19764789
7.603813 8.200338 -0.333444 19765789
7.631423 8.644710 -0.063366 19766789
7.594422 9.090030 0.170978 19767789
7.470236 9.526330 0.374500 19768789
7.235983 9.943983 0.552163 19769789
6.834423 10.386530 0.714287 19770789
6.276998 10.867320 0.858124 19771789
5.623841 11.354452 0.972405 19772789
4.935086 11.816021 1.045859 19773789
4.270862 12.220124 1.067218 19774789
3.691303 12.534861 1.025212 19775789
3.256540 12.728324 0.908570 19776789
2.974335 12.787553 0.690644 19777789
2.775340 12.740629 0.359633 19778789
2.649891 12.603840 -0.050886 19779789
2.589648 12.393065 -0.506706 19780789
2.586277 12.124193 -0.973620 19781789
2.631440 11.813108 -1.417421 19782789
2.716801 11.475696 -1.803901 19783789
2.849393 11.110215 -2.109656 19784789
3.071640 10.668291 -2.363312 19785789
3.363422 10.165809 -2.582920 19786789
3.698464 9.625381 -2.783691 19787789
4.050493 9.069613 -2.980836 19788789
4.393234 8.521124 -3.189566 19789789
4.700413 8.002519 -3.425091 19790789
4.933589 7.562847 -3.679149 19791789
5.108684 7.185070 -3.913327 19792789
5.265356 6.810811 -4.152342 19793789
5.409180 6.442977 -4.399490 19794789
5.545731 6.084476 -4.658072 19795789
5.680583 5.738216 -4.931384 19796789
5.819309 5.407103 -5.222725 19797789
5.967486 5.094044 -5.535394 19798789
6.130687 4.801947 -5.872690 19799789
6.306678 4.542773 -6.235892 19800789
6.483526 4.326767 -6.643773 19801789
6.663732 4.141593 -7.089658 19802789
6.849200 3.976420 -7.559686 19803789
7.041836 3.820414 -8.039990 19804789
7.243545 3.662743 -8.516711 19805789
7.456230 3.492576 -8.975985 19806789
7.681797 3.299081 -9.403950 19807789
7.922151 3.071425 -9.786740 19808789
8.209302 2.765645 -10.157534 19809789
8.550253 2.367697 -10.557424 19810789
8.915219 1.922366 -10.943344 19811789
9.297245 1.452300 -11.294497 19812789
9.689370 0.980147 -11.590090 19813789
10.084637 0.528555 -11.809322 19814789
10.476089 0.120174 -11.931400 19815789
10.856767 -0.222350 -11.935530 19816789
11.273108 -0.504505 -11.792606 19817789
11.749179 -0.749244 -11.510728 19818789
12.245172 -0.960402 -11.124683 19819789
12.721280 -1.141815 -10.669263 19820789
13.137695 -1.297316 -10.179255 19821789
13.454611 -1.430740 -9.689449 19822789
13.632219 -1.545922 -9.234635 19823789
13.629392 -1.646811 -8.833652 19824789
13.430173 -1.734878 -8.410212 19825789
13.078967 -1.805876 -7.966149 19826789
12.625916 -1.855021 -7.522142 19827789
12.121172 -1.877530 -7.098869 19828789
11.614882 -1.868618 -6.717005 19829789
11.157190 -1.823503 -6.397227 19830789
10.798248 -1.737401 -6.160213 19831789
10.546279 -1.618367 -6.022344 19832789
10.354520 -1.475997 -5.971884 19833789
10.200817 -1.303461 -5.986558 19834789
10.063115 -1.093892 -6.044090 19835789
9.919355 -0.840425 -6.122200 19836789
9.747480 -0.536192 -6.198606 19837789
9.525431 -0.174325 -6.251031 19838789
9.262752 0.206850 -6.261285 19839789
8.968517 0.586211 -6.252169 19840789
8.619099 1.014411 -6.234386 19841789
8.234613 1.481130 -6.211517 19842789
7.835182 1.976044 -6.187135 19843789
7.440921 2.488833 -6.164819 19844789
7.071953 3.009176 -6.148145 19845789
6.748395 3.526751 -6.140691 19846789
6.490366 4.031236 -6.146032 19847789
6.317986 4.512309 -6.167746 19848789
6.250886 4.910069 -6.203546 19849789
6.242954 5.244034 -6.249174 19850789
6.270856 5.585999 -6.307961 19851789
6.331547 5.932549 -6.377389 19852789
6.421985 6.280278 -6.454945 19853789
6.539127 6.625772 -6.538115 19854789
6.679930 6.965620 -6.624384 19855789
6.841349 7.296411 -6.711238 19856789
7.020343 7.614733 -6.796162 19857789
7.213869 7.917177 -6.876641 19858789
7.418882 8.200328 -6.950161 19859789
7.632339 8.460778 -7.014207 19860789
7.851198 8.695114 -7.066266 19861789
8.072416 8.899926 -7.103822 19862789
8.336653 9.097218 -7.130247 19863789
8.649473 9.266617 -7.148489 19864789
8.992660 9.400332 -7.157391 19865789
9.360358 9.502522 -7.157004 19866789
9.746711 9.577340 -7.147379 19867789
10.145865 9.628945 -7.128566 19868789
10.551966 9.661496 -7.100617 19869789
10.959158 9.679147 -7.063582 19870789
11.361585 9.686056 -7.017512 19871789
11.753393 9.686379 -6.962455 19872789
12.128725 9.684274 -6.898465 19873789
12.486031 9.683986 -6.825423 19874789
12.858715 9.687582 -6.741986 19875789
13.248134 9.691039 -6.648264 19876789
13.645623 9.689590 -6.544782 19877789
14.042526 9.678473 -6.432064 19878789
14.430181 9.652921 -6.310629 19879789
14.799925 9.608171 -6.181003 19880789
15.143101 9.539457 -6.043708 19881789
15.451047 9.442017 -5.899268 19882789
15.715103 9.311084 -5.748204 19883789
15.926609 9.141892 -5.591039 19884789
16.077017 8.929458 -5.428205 19885789
16.174847 8.643916 -5.249009 19886789
16.231133 8.279684 -5.049345 19887789
16.247789 7.855202 -4.834225 19888789
16.226730 7.388907 -4.608655 19889789
16.169872 6.899238 -4.377645 19890789
16.079130 6.404633 -4.146201 19891789
15.956410 5.923530 -3.919331 19892789
15.803636 5.474369 -3.702045 19893789
15.622717 5.075587 -3.499349 19894789
15.415565 4.745621 -3.316252 19895789
15.184100 4.502913 -3.157761 19896789
14.917975 4.356654 -3.016055 19897789
14.596731 4.288897 -2.869277 19898789
14.228460 4.286465 -2.722483 19899789
13.822168 4.336597 -2.581646 19900789
13.386861 4.426540 -2.452737 19901789
12.931547 4.543537 -2.341727 19902789
12.465235 4.674831 -2.254586 19903789
11.996928 4.807666 -2.197287 19904789
11.535638 4.929285 -2.175800 19905789
11.090371 5.026934 -2.196097 19906789
10.670133 5.087854 -2.264148 19907789
10.296259 5.100852 -2.382627 19908789
9.933446 5.074372 -2.567886 19909789
9.559262 5.018800 -2.817019 19910789
9.179298 4.942492 -3.116663 19911789
8.799150 4.853802 -3.453452 19912789
8.424408 4.761084 -3.814022 19913789
8.060665 4.672693 -4.185008 19914789
7.713514 4.596982 -4.553048 19915789
7.388549 4.542307 -4.904774 19916789
7.091362 4.517021 -5.226823 19917789
6.827544 4.529480 -5.505832 19918789
6.602689 4.588036 -5.728433 19919789
6.422391 4.701045 -5.881265 19920789
6.230055 5.067695 -5.999393 19921789
6.190775 5.649787 -5.974220 19922789
6.267500 6.359365 -5.833266 19923789
6.406734 7.122504 -5.615357 19924789
6.554981 7.865281 -5.359321 19925789
6.658741 8.513769 -5.103983 19926789
6.663680 9.025053 -4.871536 19927789
6.555133 9.451469 -4.603670 19928789
6.388546 9.765630 -4.310987 19929789
6.220874 10.009327 -3.988222 19930789
6.109071 10.224353 -3.630106 19931789
6.110092 10.452497 -3.231370 19932789
6.252192 10.737419 -2.719790 19933789
6.497290 11.057251 -2.080424 19934789
6.807712 11.349348 -1.423056 19935789
7.145839 11.551008 -0.857750 19936789
7.474052 11.599533 -0.494566 19937789
7.780468 11.441332 -0.439748 19938789
8.125652 11.097428 -0.685204 19939789
8.481606 10.617654 -1.108679 19940789
8.810747 10.051121 -1.583675 19941789
9.075489 9.446945 -1.983696 19942789
9.242674 8.844411 -2.184160 19943789
9.351717 8.142031 -2.157228 19944789
9.407785 7.360696 -2.009068 19945789
9.392599 6.579372 -1.854992 19946789
9.287878 5.877018 -1.810309 19947789
9.075341 5.332598 -1.990330 19948789
8.837311 5.058747 -2.252958 19949789
8.491955 4.797358 -2.601387 19950789
8.075401 4.559588 -3.020136 19951789
7.626834 4.361473 -3.490065 19952789
7.185436 4.219043 -3.992029 19953789
6.790392 4.148336 -4.506885 19954789
6.480886 4.165382 -5.015492 19955789
6.296103 4.286219 -5.498706 19956789
6.267171 4.497823 -5.898176 19957789
6.333706 4.761522 -6.225960 19958789
6.466427 5.103372 -6.566665 19959789
6.655159 5.510140 -6.914972 19960789
6.889724 5.968597 -7.265566 19961789
7.159946 6.465512 -7.613126 19962789
7.455647 6.987654 -7.952335 19963789
7.766652 7.521792 -8.277875 19964789
8.082783 8.054697 -8.584428 19965789
8.393863 8.573137 -8.866676 19966789
8.689716 9.063880 -9.119299 19967789
8.960166 9.513700 -9.336980 19968789
9.240671 9.991399 -9.539598 19969789
9.557348 10.569173 -9.693190 19970789
9.869758 11.161187 -9.774657 19971789
10.180122 11.745580 -9.805552 19972789
10.490666 12.300478 -9.807425 19973789
10.803614 12.804015 -9.801826 19974789
11.121190 13.234324 -9.810310 19975789
11.445617 13.569535 -9.854425 19976789
11.779121 13.787781 -9.955725 19977789
12.140074 13.878934 -10.129960 19978789
12.546918 13.862313 -10.364884 19979789
12.980032 13.751990 -10.640574 19980789
13.419117 13.561770 -10.937140 19981789
13.843884 13.305454 -11.234690 19982789
14.234032 12.996847 -11.513336 19983789
14.569271 12.649752 -11.753187 19984789
14.829304 12.277970 -11.934353 19985789
14.994600 11.892978 -12.038451 19986789
15.074788 11.441537 -12.094457 19987789
15.086572 10.913015 -12.118434 19988789
15.039133 10.329871 -12.107373 19989789
14.941659 9.714555 -12.058265 19990789
14.803336 9.089522 -11.968097 19991789
14.633350 8.477227 -11.833859 19992789
14.440886 7.900122 -11.652544 19993789
14.235131 7.380663 -11.421138 19994789
14.021069 6.926986 -11.125094 19995789
13.785138 6.491944 -10.724221 19996789
13.524195 6.074404 -10.240456 19997789
13.236938 5.680069 -9.702559 19998789
12.922062 5.314641 -9.139289 19999789
12.578269 4.983824 -8.579404 20000789
12.204256 4.693321 -8.051665 20001789
11.798722 4.448835 -7.584833 20002789
11.360367 4.256071 -7.207666 20003789
10.909113 4.108631 -6.927866 20004789
10.394840 3.970650 -6.672737 20005789
9.833582 3.852794 -6.444112 20006789
9.243368 3.766480 -6.245276 20007789
8.642231 3.723129 -6.079514 20008789
8.048199 3.734157 -5.950111 20009789
7.479302 3.810985 -5.860353 20010789
6.953570 3.965030 -5.813526 20011789
6.489035 4.207712 -5.812915 20012789
6.187420 4.458537 -5.845975 20013789
6.017789 4.646544 -5.886192 20014789
5.853218 4.862936 -5.942729 20015789
5.694005 5.105213 -6.014166 20016789
5.540447 5.370872 -6.099089 20017789
5.392841 5.657412 -6.196079 20018789
5.251484 5.962330 -6.303720 20019789
5.116673 6.283125 -6.420594 20020789
4.988704 6.617297 -6.545285 20021789
4.867874 6.962342 -6.676375 20022789
4.754480 7.315760 -6.812447 20023789
4.648818 7.675048 -6.952084 20024789
4.551188 8.037706 -7.093869 20025789
4.461883 8.401232 -7.236384 20026789
4.381202 8.763124 -7.378213 20027789
4.309441 9.120878 -7.517938 20028789
4.246897 9.471997 -7.654144 20029789
4.193868 9.813975 -7.785410 20030789
4.150649 10.144316 -7.910323 20031789
4.117537 10.460512 -8.027463 20032789
4.094832 10.760065 -8.135415 20033789
4.083664 11.054322 -8.235682 20034789
4.088296 11.359858 -8.327637 20035789
4.108241 11.672174 -8.411085 20036789
4.142348 11.989335 -8.487443 20037789
4.189465 12.309397 -8.558124 20038789
4.248441 12.630417 -8.624543 20039789
4.318122 12.950453 -8.688112 20040789
4.397358 13.267564 -8.750247 20041789
4.484998 13.579808 -8.812362 20042789
4.579889 13.885243 -8.875868 20043789
4.680880 14.181928 -8.942183 20044789
4.786819 14.467920 -9.012718 20045789
4.896554 14.741279 -9.088888 20046789
5.008934 15.000063 -9.172109 20047789
5.122808 15.242326 -9.263791 20048789
5.237022 15.466132 -9.365352 20049789
5.350427 15.669535 -9.478203 20050789
5.461870 15.850594 -9.603759 20051789
5.570199 16.007370 -9.743435 20052789
5.674263 16.137918 -9.898643 20053789
5.773690 16.242188 -10.073569 20054789
5.870550 16.325209 -10.275617 20055789
5.965693 16.388161 -10.502092 20056789
6.059846 16.431890 -10.749677 20057789
6.153737 16.457251 -11.015050 20058789
6.248089 16.465088 -11.294894 20059789
6.343632 16.456255 -11.585891 20060789
6.441090 16.431599 -11.884720 20061789
6.541190 16.391970 -12.188062 20062789
6.644660 16.338219 -12.492601 20063789
6.752225 16.271194 -12.795019 20064789
6.864612 16.191746 -13.091993 20065789
6.982546 16.100725 -13.380205 20066789
7.106757 15.998978 -13.656340 20067789
7.237968 15.887358 -13.917075 20068789
7.376908 15.766714 -14.159094 20069789
7.524301 15.637892 -14.379076 20070789
7.680874 15.501745 -14.573703 20071789
7.847356 15.359123 -14.739656 20072789
8.024471 15.210876 -14.873619 20073789
8.218360 15.053132 -14.976860 20074789
8.440550 14.875755 -15.059404 20075789
8.687900 14.679917 -15.122752 20076789
8.956635 14.467304 -15.167949 20077789
9.242992 14.239598 -15.196043 20078789
9.543197 13.998487 -15.208081 20079789
9.853480 13.745656 -15.205110 20080789
10.170074 13.482792 -15.188176 20081789
10.489205 13.211577 -15.158330 20082789
10.807108 12.933703 -15.116618 20083789
11.120008 12.650849 -15.064083 20084789
11.424138 12.364706 -15.001780 20085789
11.715728 12.076956 -14.930750 20086789
11.991006 11.789284 -14.852043 20087789
12.246205 11.503380 -14.766706 20088789
12.477554 11.220925 -14.675788 20089789
12.681282 10.943609 -14.580333 20090789
12.853621 10.673116 -14.481392 20091789
12.990800 10.411130 -14.380009 20092789
13.089049 10.159337 -14.277232 20093789
13.149089 9.912817 -14.170597 20094789
13.179127 9.660053 -14.053957 20095789
13.181324 9.402000 -13.927656 20096789
13.157651 9.139960 -13.792225 20097789
13.110067 8.875229 -13.648189 20098789
13.040539 8.609106 -13.496077 20099789
12.951033 8.342891 -13.336411 20100789
12.843510 8.077885 -13.169724 20101789
12.719936 7.815385 -12.996538 20102789
12.582275 7.556690 -12.817385 20103789
12.432493 7.303100 -12.632786 20104789
12.272552 7.055915 -12.443273 20105789
12.104418 6.816432 -12.249372 20106789
11.930055 6.585952 -12.051608 20107789
11.751427 6.365772 -11.850510 20108789
11.570498 6.157193 -11.646603 20109789
11.389235 5.961515 -11.440418 20110789
11.209600 5.780035 -11.232478 20111789
11.033558 5.614051 -11.023312 20112789
10.863072 5.464866 -10.813444 20113789
10.722438 5.354048 -10.632621 20114789
10.581460 5.258564 -10.444143 20115789
10.436274 5.174360 -10.244399 20116789
10.286990 5.100657 -10.034797 20117789
10.133723 5.036673 -9.816747 20118789
9.976589 4.981626 -9.591660 20119789
9.815701 4.934736 -9.360945 20120789
9.651169 4.895222 -9.126008 20121789
9.483107 4.862302 -8.888263 20122789
9.311633 4.835195 -8.649117 20123789
9.136855 4.813120 -8.409980 20124789
8.958890 4.795296 -8.172261 20125789
8.777849 4.780942 -7.937370 20126789
8.593848 4.769278 -7.706716 20127789
8.407001 4.759520 -7.481709 20128789
8.217416 4.750889 -7.263757 20129789
8.025212 4.742604 -7.054272 20130789
7.830501 4.733882 -6.854661 20131789
7.633395 4.723944 -6.666334 20132789
7.434009 4.712008 -6.490701 20133789
7.232456 4.697292 -6.329172 20134789
7.028850 4.679017 -6.183155 20135789
6.823303 4.656400 -6.054060 20136789
6.615930 4.628660 -5.943297 20137789
6.320306 4.581101 -5.820611 20138789
5.836495 4.501481 -5.697687 20139789
5.323485 4.417816 -5.645015 20140789
4.788338 4.331719 -5.651350 20141789
4.238115 4.244803 -5.705445 20142789
3.679880 4.158679 -5.796055 20143789
3.120692 4.074960 -5.911936 20144789
2.567616 3.995257 -6.041842 20145789
2.027713 3.921185 -6.174527 20146789
1.508044 3.854354 -6.298745 20147789
1.015673 3.796376 -6.403252 20148789
0.548051 3.747976 -6.478041 20149789
-0.173568 3.710284 -6.572207 20150789
-0.858271 3.718458 -6.667557 20151789
-1.502492 3.748493 -6.764433 20152789
-2.102669 3.776381 -6.863174 20153789
-2.655236 3.778115 -6.964121 20154789
-3.156632 3.729689 -7.067616 20155789
-3.604905 3.608053 -7.175583 20156789
-4.018342 3.415242 -7.307540 20157789
-4.393760 3.169701 -7.456792 20158789
-4.719165 2.888314 -7.607337 20159789
-4.982558 2.587962 -7.743174 20160789
-5.171944 2.285527 -7.848298 20161789
-5.275325 1.997891 -7.906709 20162789
-5.281554 1.720740 -7.903341 20163789
-5.192303 1.388544 -7.839811 20164789
-5.019162 1.030502 -7.732021 20165789
-4.773978 0.687251 -7.596330 20166789
-4.468595 0.399429 -7.449099 20167789
-4.114860 0.207673 -7.306686 20168789
-3.724618 0.152621 -7.185454 20169789
-3.298570 0.269672 -7.088015 20170789
-2.823092 0.541116 -6.997000 20171789
-2.298023 0.921786 -6.909964 20172789
-1.723462 1.366374 -6.824763 20173789
-1.099508 1.829570 -6.739258 20174789
-0.426257 2.266064 -6.651305 20175789
0.251215 2.611341 -6.564723 20176789
0.698015 2.779444 -6.520829 20177789
1.195659 2.930154 -6.487271 20178789
1.731901 3.068417 -6.460345 20179789
2.294497 3.199179 -6.436346 20180789
2.871202 3.327386 -6.411570 20181789
3.449771 3.457985 -6.382312 20182789
4.017960 3.595922 -6.344867 20183789
4.563522 3.746142 -6.295532 20184789
5.074216 3.913592 -6.230602 20185789
5.537794 4.103218 -6.146372 20186789
5.942013 4.319965 -6.039136 20187789
6.274626 4.568781 -5.905192 20188789
6.551850 4.875588 -5.720922 20189789
6.766293 5.223380 -5.489571 20190789
6.925416 5.604076 -5.221749 20191789
7.037644 6.010490 -4.927597 20192789
7.111398 6.435439 -4.617252 20193789
7.155100 6.871735 -4.300852 20194789
7.177172 7.312191 -3.988534 20195789
7.186038 7.749625 -3.690437 20196789
7.190120 8.176849 -3.416699 20197789
7.197840 8.586678 -3.177457 20198789
7.217619 8.971925 -2.982849 20199789
7.273989 9.519875 -2.773200 20200789
7.340139 10.177868 -2.606342 20201789
7.383395 10.808610 -2.523203 20202789
7.387025 11.410667 -2.503852 20203789
7.334300 11.982609 -2.528354 20204789
7.208490 12.523000 -2.576779 20205789
6.971385 13.051946 -2.639734 20206789
6.580907 13.612591 -2.739352 20207789
6.105686 14.158282 -2.876199 20208789
5.621063 14.636365 -3.048674 20209789
5.202380 14.994191 -3.255183 20210789
4.924979 15.179104 -3.494126 20211789
4.847600 15.140119 -3.777531 20212789
4.934360 14.889234 -4.123614 20213789
5.120739 14.490363 -4.508615 20214789
5.342527 14.008368 -4.907196 20215789
5.535513 13.508114 -5.294023 20216789
5.635486 13.054463 -5.643764 20217789
5.599771 12.689067 -5.973990 20218789
5.466971 12.371763 -6.327670 20219789
5.287665 12.053789 -6.669496 20220789
5.112188 11.686696 -6.962756 20221789
4.990876 11.222026 -7.170739 20222789
4.974062 10.611326 -7.256734 20223789
5.020975 10.059789 -7.219695 20224789
5.081639 9.393749 -7.105055 20225789
5.162251 8.639483 -6.931974 20226789
5.267960 7.838587 -6.719425 20227789
5.403916 7.032656 -6.486381 20228789
5.575266 6.263286 -6.251814 20229789
5.787163 5.572075 -6.034698 20230789
6.044753 5.000618 -5.854007 20231789
6.353185 4.590511 -5.728711 20232789
7.016445 4.291121 -5.591687 20233789
7.884109 4.329525 -5.479859 20234789
8.852134 4.570929 -5.423767 20235789
9.829032 4.868483 -5.450749 20236789
10.723314 5.075338 -5.588145 20237789
12.007253 5.025874 -6.187491 20238789
13.497898 4.708592 -7.547251 20239789
14.492442 4.443857 -8.904621 20240789
15.000752 4.355519 -10.310608 20241789
14.876638 4.161290 -11.310776 20242789
13.762401 3.587455 -11.366669 20243789
12.117738 2.896182 -10.880727 20244789
10.835966 2.450056 -10.352479 20245789
9.738881 2.180832 -9.681973 20246789
8.717663 2.391129 -8.806670 20247789
7.757357 2.937140 -7.852951 20248789
6.812989 3.667649 -6.799161 20249789
6.222061 4.386650 -5.925399 20250789
6.780029 5.348948 -5.454501 20251789
8.683428 6.345324 -5.395368 20252789
11.734669 6.862041 -5.283340 20253789
6.091087 4.499129 -5.505085 20254789
